Time: 44.713000 us
Time: 43.189000 us
