Time: 341.819000 us
Time: 342.290000 us
